10000000
10011001
11010001
11011101
10000000
11001101
10100101
10100001
11010001
10000000
10111101
10010001
10000000
10111101
11010001
10000000
10010101
10001101
10100101
11011101
11010001
10000000
10010101
11010001
10100101
11001001
11011101
10000000
10010101
11000001
11100101
11010001
10000000
10111101
11010001
10000000
10010001
10000101
10100001
10000000
10100101
10000000
10111101
11100101
10000000
10111001
10100101
11010001
11001101
11010101
10000101
10000000
11001101
10100101
10000000
10010101
10110101
10000101
10111001
10000000
11100101
10110101
10000000
10010001
10110001
11001001
10111101
11011101
10000000
10111101
10110001
10110001
10010101
10100001
10010001
10110001
11001001
10111101
11011101
10000000
10111101
10110001
10110001
10010101
10100001
